yrTerm1Convertible.allUpfront,yrTerm1Convertible.noUpfront,yrTerm1Convertible.partialUpfront,yrTerm1Standard.allUpfront,yrTerm1Standard.noUpfront,yrTerm1Standard.partialUpfront,yrTerm3Convertible.allUpfront,yrTerm3Convertible.noUpfront,yrTerm3Convertible.partialUpfront,yrTerm3Standard.allUpfront,yrTerm3Standard.noUpfront,yrTerm3Standard.partialUpfront,instance_type,on_demand
0.130023,0.139,0.132324,0.1129,0.121,0.115648,0.084132,0.093,0.085922,0.070167,0.081,0.074329,c5d.xlarge,0.192
0.185502,0.199,0.189635,0.159932,0.171,0.163621,0.11035,0.122,0.112317,0.092047,0.106,0.097973,m5dn.xlarge,0.272
2.758904,2.956,2.815648,2.399087,2.57,2.447973,1.787291,1.97,1.823872,1.488052,1.71,1.583514,c5.metal,4.08
0.234932,0.252,0.239863,0.202283,0.217,0.206196,0.157763,0.174,0.160479,0.129338,0.149,0.137798,m5a.2xlarge,0.344
2.418037,2.591,2.467676,2.10274,2.253,2.145831,1.513927,1.668,1.544412,1.26054,1.448,1.34151,r5n.12xlarge,3.576
1.034589,1.108,1.055854,0.899658,0.964,0.918018,0.670244,0.739,0.683971,0.558029,0.641,0.593804,c5.9xlarge,1.53
0.177968,0.191,0.181753,0.15411,0.165,0.157653,0.122489,0.135,0.124481,0.098516,0.113,0.104397,r5ad.xlarge,0.262
3.159703,3.385,3.2241,2.709475,2.903,2.76442,2.120548,2.337,2.163925,1.73261,1.991,1.843613,m5.24xlarge,4.608
0.201484,0.216,0.205854,0.175228,0.188,0.178384,0.12618,0.139,0.128384,0.105061,0.121,0.11186,r5n.xlarge,0.298
3.992694,4.278,4.0741,3.447717,3.694,3.518018,2.467085,2.719,2.517714,2.054148,2.36,2.185656,i3en.12xlarge,5.424
7.985274,8.556,8.148087,6.895548,7.388,7.036151,4.93417,5.438,5.034428,4.108333,4.72,4.370274,i3en.metal,10.848
1.853539,1.986,1.891662,1.594635,1.709,1.627584,1.238584,1.365,1.263925,1.019711,1.172,1.08439,m5d.12xlarge,2.712
0.05742,0.062,0.058338,0.05,0.054,0.051457,0.037253,0.041,0.037988,0.031012,0.036,0.032476,c5.large,0.085
0.225799,0.242,0.230183,0.196347,0.21,0.200228,0.141743,0.156,0.144298,0.118379,0.136,0.125976,r5dn.xlarge,0.334
0.073059,0.078,0.074215,0.06347,0.068,0.06442,0.040982,0.045,0.04189,0.034132,0.039,0.036151,c5n.large,0.108
2.758904,2.956,2.815648,2.399087,2.57,2.447973,1.787291,1.97,1.823872,1.488052,1.71,1.583514,c5.24xlarge,4.08
0.408904,0.438,0.417562,0.355479,0.424,0.362763,0.319939,0.382,0.326986,0.21172,,0.225262,i2.xlarge,0.853
2.593607,2.779,2.646288,2.239155,2.399,2.284352,1.530061,1.686,1.561632,1.277892,1.468,1.359718,m5n.16xlarge,3.808
0.007763,0.0083,0.007781,0.006735,0.0072,0.006825,0.005213,0.0058,0.005364,0.004376,0.005,0.004511,t2.micro,0.0116
3.110502,3.333,3.173986,2.69589,3.216,2.751342,2.426294,2.894,2.475823,1.581431,,1.682314,d2.8xlarge,5.52
0.998174,1.069,1.018247,0.861986,0.924,0.879726,0.616781,0.68,0.629688,0.513546,0.59,0.546174,i3en.3xlarge,1.356
0.756849,0.811,0.772187,0.656164,0.703,0.669817,0.480137,0.529,0.489977,0.400723,0.46,0.426166,z1d.3xlarge,1.116
0.263356,0.282,0.268361,0.225799,0.242,0.230183,0.176712,0.195,0.180145,0.144368,0.166,0.153788,m5.2xlarge,0.384
0.248858,0.267,0.253941,0.216438,0.232,0.220388,0.165906,0.183,0.169627,0.138356,0.159,0.147592,inf1.xlarge,0.368
2.069178,2.217,2.111708,1.799315,1.928,1.836037,1.340449,1.477,1.367904,1.116058,1.282,1.187645,c5.18xlarge,3.06
8.826142,9.457,9.006082,7.674886,8.223,7.831753,4.476218,4.933,4.56779,3.733486,4.29,3.971883,x1e.16xlarge,13.344
4.836187,5.182,4.934466,4.205365,4.506,4.291548,3.027854,3.337,3.089825,2.521081,2.897,2.681982,r5n.24xlarge,7.152
3.271005,3.505,3.337836,2.846005,3.392,2.9041,2.561416,3.053,2.61389,1.690183,,1.798094,i2.8xlarge,6.82
1.226142,1.314,1.251571,1.063128,1.139,1.084352,0.855784,0.943,0.873644,0.679795,0.781,0.723606,r5a.8xlarge,1.808
0.034132,0.0365,0.034752,0.02968,0.0318,0.030168,0.023896,0.0264,0.024415,0.01895,0.0218,0.020184,r6g.medium,0.0504
1.6371,1.754,1.670474,1.422489,1.5241,1.451599,1.147717,1.2648,1.171178,0.909627,1.0451,0.967628,r6g.12xlarge,2.4192
0.275913,0.296,0.281753,0.239954,0.257,0.244374,0.183942,0.203,0.187836,0.153425,0.176,0.163583,a1.metal,0.408
0.817808,0.876,0.834237,0.711986,0.848,0.726525,0.640791,0.763,0.653973,0.422527,,0.449524,i2.2xlarge,1.705
0.665411,0.713,0.679498,0.574658,0.616,0.586151,0.411187,0.453,0.419779,0.342352,0.393,0.364116,i3en.2xlarge,0.904
0.117466,0.126,0.119932,0.101142,0.108,0.103598,0.078881,0.087,0.080259,0.064688,0.074,0.068399,m5a.xlarge,0.172
2.243151,2.403,2.288406,1.949201,2.088,1.989521,1.628349,1.795,1.661784,0.98535,1.132,1.048125,p3.2xlarge,3.06
0.185046,0.1982,0.188806,0.159932,0.1714,0.163221,0.119178,0.1313,0.121607,0.102283,0.1175,0.108814,c6g.2xlarge,0.272
0.246804,0.2645,0.251813,0.214612,0.23,0.218975,0.167352,0.1844,0.170788,0.139574,0.1604,0.148439,t2.2xlarge,0.3712
1.365525,1.463,1.393689,1.187443,1.272,1.211822,0.943645,1.04,0.962431,0.787062,0.904,0.837645,h1.8xlarge,1.872
4.682078,5.017,4.777813,4.064269,4.355,4.14763,3.229871,3.559,3.295907,2.598896,2.986,2.764382,r5d.24xlarge,6.912
1.996347,2.139,2.037493,1.723858,1.847,1.759566,1.233562,1.359,1.258376,1.027093,1.18,1.092309,i3en.6xlarge,2.712
1.44258,1.5456,1.471959,1.251256,1.344,1.276356,0.955708,1.0532,0.975195,0.800114,0.9158,0.851609,r4.8xlarge,2.128
0.061758,0.0661,0.063007,0.053653,0.0575,0.054797,0.041819,0.0461,0.042647,0.034893,0.0401,0.037169,t2.large,0.0928
4.411073,4.726,4.501571,3.835731,4.11,3.913963,2.237062,2.465,2.282362,1.865906,2.144,1.985504,x1.16xlarge,6.669
2.339726,2.507,2.387721,2.032078,2.177,2.073758,1.514422,1.669,1.545641,1.263128,1.451,1.34388,c5d.18xlarge,3.456
1.879795,2.014,1.918018,1.618151,1.734,1.651571,1.262177,1.391,1.28795,1.034741,1.189,1.100419,m5a.16xlarge,2.752
4.089612,4.382,4.17353,3.556279,3.81,3.628384,2.862747,3.155,2.921578,2.274049,2.613,2.419589,r5.metal,6.048
0.076598,0.082,0.078041,0.066438,0.071,0.067904,0.053501,0.059,0.054283,0.042504,0.049,0.045603,r5a.large,0.113
0.071233,0.076,0.072301,0.061872,0.073,0.063215,0.05567,0.066,0.056486,0.038813,,0.04133,c3.large,0.105
5.149315,5.517,5.254169,4.477626,4.797,4.569475,3.432877,3.783,3.502446,2.86328,3.29,3.046021,inf1.24xlarge,7.615
3.678311,3.941,3.753712,3.189269,3.417,3.254169,2.56739,2.829,2.619893,2.039422,2.343,2.169817,r5a.24xlarge,5.424
3.340411,3.579,3.408638,2.90468,3.1122,2.963963,2.425228,2.6727,2.474767,2.022755,2.324,2.151813,g3.16xlarge,4.56
0.1379,0.1478,0.140834,0.119977,0.1285,0.122387,0.091971,0.1013,0.093818,0.076712,0.0881,0.081591,a1.2xlarge,0.204
0.135274,0.145,0.13795,0.118607,0.126,0.120502,0.092428,0.102,0.094146,0.078006,0.089,0.083514,c4.xlarge,0.199
2.206507,2.364,2.251799,1.918721,2.056,1.957995,1.119064,1.233,1.141928,0.933371,1.072,0.992461,x1e.4xlarge,3.336
0.141324,0.151,0.144146,0.121119,0.13,0.123758,0.094292,0.104,0.096097,0.077473,0.089,0.08221,m5ad.xlarge,0.206
7.985274,8.556,8.148087,6.895548,7.388,7.036151,4.93417,5.438,5.034428,4.108333,4.72,4.370274,i3en.24xlarge,10.848
2.629452,2.817,2.683553,2.286187,2.449,2.332438,1.475342,1.626,1.505702,1.228729,1.412,1.307577,c5n.18xlarge,3.888
0.066438,0.0712,0.067804,0.057877,0.062,0.058952,0.045091,0.0497,0.045983,0.037595,0.0432,0.040015,m4.large,0.1
0.027968,0.03,0.028569,0.024315,0.0261,0.024843,0.018721,0.0206,0.019151,0.015639,0.018,0.016633,t3.medium,0.0416
0.682763,0.732,0.696402,0.593721,0.636,0.605968,0.471804,0.52,0.481715,0.393531,0.452,0.418323,h1.4xlarge,0.936
0.551598,0.591,0.562393,0.47968,0.514,0.489749,0.279756,0.308,0.285732,0.233333,0.268,0.248125,x1e.xlarge,0.834
1.471461,1.577,1.501685,1.279452,1.371,1.305854,1.023592,1.128,1.044222,0.818189,0.94,0.870198,g4dn.8xlarge,2.176
0.100799,0.108,0.10237,0.087557,0.094,0.089749,0.06309,0.07,0.064192,0.052511,0.06,0.05593,r5n.large,0.149
0.065868,0.071,0.067562,0.056393,0.06,0.057767,0.044178,0.049,0.045527,0.036111,0.041,0.038216,m5.large,0.096
0.459817,0.493,0.469589,0.399886,0.428,0.407995,0.297869,0.328,0.303979,0.248021,0.285,0.263925,c5.4xlarge,0.68
3.707078,3.972,3.782324,3.189269,3.417,3.254169,2.477131,2.73,2.527851,2.039422,2.343,2.169817,m5d.24xlarge,5.424
0.101142,0.108,0.103598,0.088128,0.105,0.089676,0.0793,0.095,0.080816,0.058295,,0.062329,r3.large,0.166
0.402968,0.432,0.411594,0.350457,0.375,0.357767,0.252321,0.278,0.257729,0.210084,0.241,0.223758,r5n.2xlarge,0.596
0.06758,0.072,0.069475,0.05879,0.063,0.060023,0.046195,0.051,0.047592,0.038546,0.044,0.04151,c4.large,0.1
0.195091,0.209,0.199543,0.169292,0.181,0.172416,0.134589,0.148,0.137645,0.108295,0.124,0.11561,r5d.xlarge,0.288
0.077283,0.083,0.078384,0.066438,0.071,0.067904,0.051598,0.057,0.052332,0.042504,0.049,0.045603,m5d.large,0.113
0.340753,0.365,0.347858,0.296347,0.318,0.302256,0.238546,0.263,0.243728,0.189498,0.218,0.201799,r5.2xlarge,0.504
0.370548,0.397,0.378041,0.324201,0.38,0.331123,0.291781,0.342,0.297907,0.209018,,0.222397,m3.2xlarge,0.532
1.945205,2.084,1.984466,1.679338,1.799,1.713849,1.147527,1.265,1.170464,0.958409,1.101,1.019779,m5n.12xlarge,2.856
0.308904,0.331,0.315648,0.265753,0.285,0.271616,0.206431,0.227,0.210327,0.169939,0.195,0.180411,m5d.2xlarge,0.452
1.329909,1.4249,1.357039,1.156393,1.239,1.179954,0.901598,0.9936,0.920008,0.752017,0.864,0.8,m4.10xlarge,2
0.070662,0.076,0.072073,0.060616,0.065,0.061936,0.047146,0.052,0.048049,0.038737,0.044,0.041586,m5ad.large,0.103
0.064954,0.07,0.066105,0.056393,0.06,0.057767,0.042085,0.046,0.042461,0.035084,0.04,0.037645,c5d.large,0.096
1.806849,1.936,1.843804,1.571119,1.683,1.603598,1.133828,1.25,1.156501,0.946918,1.088,1.007691,r5dn.8xlarge,2.672
0.211644,0.2268,0.215991,0.180365,0.1932,0.184009,0.145015,0.1598,0.148011,0.116514,0.1339,0.123986,m6g.2xlarge,0.308
3.119635,3.342,3.183667,2.709475,2.903,2.76442,2.019216,2.225,2.060213,1.68417,1.935,1.791814,c5d.24xlarge,4.608
3.224087,3.454,3.289977,2.803539,3.004,2.860365,2.018569,2.225,2.059871,1.680708,1.931,1.787988,r5n.16xlarge,4.768
4.682078,5.017,4.777813,4.064269,4.355,4.14763,3.229871,3.559,3.295907,2.598896,2.986,2.764382,r5d.metal,6.912
8.822032,9.452,9.002027,7.671119,8.219,7.827813,4.474163,4.931,4.565725,3.731811,4.288,3.970008,x1.32xlarge,13.338
0.292123,0.313,0.298087,0.253995,0.272,0.259566,0.163927,0.181,0.167638,0.13653,0.157,0.145603,c5n.2xlarge,0.432
1.6121,1.727,1.644489,1.401826,1.502,1.430183,1.009285,1.112,1.029954,0.840373,0.966,0.893994,r5n.8xlarge,2.384
0.154452,0.165,0.157767,0.132877,0.142,0.135808,0.103196,0.114,0.105664,0.08497,0.098,0.090205,m5d.xlarge,0.226
3.159703,3.385,3.2241,2.709475,2.903,2.76442,2.120548,2.337,2.163925,1.73261,1.991,1.843613,m5.metal,4.608
0.092808,0.099,0.094374,0.080023,0.086,0.081753,0.055175,0.061,0.056158,0.046005,0.053,0.048467,m5dn.large,0.136
1.579909,1.693,1.61205,1.354795,1.452,1.38221,1.060274,1.168,1.081944,0.866286,0.995,0.921807,m5.12xlarge,2.304
17.944863,19.227,18.311479,15.593721,16.708,15.91205,13.026788,14.356,13.292309,7.882953,9.057,8.386075,p3.16xlarge,24.48
0.272831,0.2923,0.278355,0.2371,0.254,0.242005,0.191286,0.2108,0.195203,0.151598,0.1742,0.161232,r6g.2xlarge,0.4032
0.092694,0.099,0.09426,0.081393,0.095,0.083059,0.07325,0.086,0.075265,0.052245,,0.055609,m3.large,0.133
0.519977,0.557,0.530297,0.451598,0.484,0.460365,0.33653,0.371,0.343689,0.280708,0.322,0.298315,c5d.4xlarge,0.768
0.324201,0.347,0.330411,0.279909,0.3,0.285808,0.191248,0.211,0.195565,0.159741,0.184,0.16997,m5n.2xlarge,0.476
4.089612,4.382,4.17353,3.556279,3.81,3.628384,2.862747,3.155,2.921578,2.274049,2.613,2.419589,r5.24xlarge,6.048
2.226256,2.385,2.271845,1.919178,2.056,1.958224,1.324277,1.459,1.351647,1.104528,1.269,1.175519,m5dn.12xlarge,3.264
3.613584,3.872,3.687721,3.142237,3.367,3.206196,2.267656,2.499,2.313963,1.893798,2.176,2.014344,r5dn.16xlarge,5.344
0.090183,0.0966,0.092005,0.078196,0.084,0.079954,0.059741,0.0658,0.060979,0.05,0.0572,0.053598,r4.large,0.133
0.202169,0.217,0.206196,0.17637,0.209,0.180352,0.158752,0.188,0.162632,0.116629,,0.123696,r3.xlarge,0.333
17.652283,18.913,18.012279,15.349772,16.446,15.663507,8.952397,9.866,9.135542,7.466971,8.579,7.943804,x1e.32xlarge,26.688
0.146119,0.157,0.149543,0.127055,0.136,0.12984,0.081963,0.09,0.083819,0.068265,0.078,0.072301,c5n.xlarge,0.216
0.469977,0.504,0.479726,0.404566,0.433,0.412393,0.315563,0.348,0.321997,0.258676,0.297,0.275595,m5a.4xlarge,0.688
0.355822,0.381,0.363621,0.308105,0.33,0.314192,0.244939,0.27,0.249962,0.197032,0.226,0.209795,r5ad.2xlarge,0.524
0.123402,0.1322,0.126014,0.107306,0.115,0.109595,0.083676,0.0922,0.085394,0.069787,0.0802,0.074239,t2.xlarge,0.1856
20.62226,22.095,21.043575,17.933562,19.215,18.299772,14.981887,16.511,15.287836,9.06583,10.416,9.64426,p3dn.24xlarge,31.212
10.548744,11.302,10.763963,9.172831,9.828,9.360023,7.663661,8.446,7.820046,6.392009,7.344,6.8,p2.16xlarge,14.4
2.968379,3.18,3.028498,2.559018,2.742,2.611594,1.765677,1.946,1.801875,1.472717,1.692,1.566371,m5dn.16xlarge,4.352
1.139612,1.221,1.162393,0.992123,1.168,1.012434,0.892922,1.051,0.910883,0.628082,,0.668209,c3.8xlarge,1.68
0.046347,0.05,0.04763,0.040297,0.048,0.041087,0.036263,0.043,0.036689,0.026142,,0.027823,m3.medium,0.067
1.103311,1.182,1.1259,0.959361,1.028,0.978498,0.559513,0.617,0.570464,0.466667,0.536,0.49625,x1e.2xlarge,1.668
4.452626,4.771,4.543689,3.83847,4.113,3.916447,2.648554,2.919,2.702294,2.209056,2.538,2.350038,m5dn.24xlarge,6.528
0.93984,1.007,0.959566,0.809132,0.867,0.825785,0.631088,0.695,0.643994,0.51739,0.594,0.55019,m5a.8xlarge,1.376
0.282648,0.303,0.288178,0.242237,0.26,0.24763,0.188546,0.208,0.192195,0.154909,0.178,0.164382,m5ad.2xlarge,0.412
0.306507,0.328,0.312393,0.265753,0.285,0.271616,0.213965,0.236,0.21817,0.169939,0.195,0.180411,r5a.2xlarge,0.452
3.119635,3.342,3.183667,2.709475,2.903,2.76442,2.019216,2.225,2.060213,1.68417,1.935,1.791814,c5d.metal,4.608
1.409817,1.511,1.438292,1.213584,1.3,1.238178,0.946651,1.043,0.965991,0.776065,0.892,0.825785,m5a.12xlarge,2.064
0.015411,0.0165,0.015777,0.01347,0.0144,0.013649,0.010464,0.0115,0.010627,0.008714,0.01,0.009242,t2.small,0.023
2.471347,2.648,2.521845,2.126256,2.278,2.169817,1.651408,1.82,1.68558,1.359627,1.562,1.446212,m5d.16xlarge,3.616
0.388813,0.417,0.396402,0.336986,0.402,0.343918,0.303272,0.362,0.309718,0.197679,,0.210289,d2.xlarge,0.69
0.229909,0.246,0.234352,0.199886,0.214,0.204055,0.148935,0.164,0.151989,0.124011,0.142,0.131944,c5.2xlarge,0.34
2.942808,3.153,3.002484,2.559018,2.742,2.611594,2.047184,2.256,2.088482,1.636339,1.88,1.740396,g4dn.16xlarge,4.352
0.026484,0.0283,0.02697,0.022489,0.0241,0.02303,0.018113,0.02,0.018447,0.014574,0.0167,0.015463,m6g.medium,0.0385
,,,0.190753,0.224,0.194671,,,,0.116667,,0.124116,m1.xlarge,0.35
0.1621,0.174,0.165648,0.139954,0.15,0.142347,0.095624,0.105,0.097782,0.079871,0.092,0.084466,m5n.xlarge,0.238
1.693151,1.8141,1.727827,1.44258,1.5456,1.471959,1.160274,1.2787,1.183971,0.932268,1.0711,0.99179,m6g.16xlarge,2.464
0.259932,0.279,0.265648,0.225799,0.242,0.230183,0.168265,0.185,0.171845,0.140335,0.161,0.149658,c5d.2xlarge,0.384
0.185274,0.199,0.189521,0.163014,0.19,0.166119,0.146728,0.171,0.149492,0.10449,,0.11118,m3.xlarge,0.266
,,,0.047146,0.056,0.048196,,,,0.029376,,0.031269,m1.medium,0.087
0.025342,0.0271,0.0258,0.022032,0.0236,0.022387,0.016971,0.0187,0.017376,0.014155,0.0162,0.015034,t3a.medium,0.0376
2.885046,3.0912,2.944032,2.502511,2.688,2.553826,1.911377,2.1064,1.95039,1.600266,1.8317,1.702218,r4.16xlarge,4.256
0.229909,0.246,0.234352,0.198744,0.214,0.20237,0.157763,0.174,0.161518,0.131963,0.151,0.140205,i3.xlarge,0.312
0.504566,0.541,0.51442,0.437443,0.469,0.446174,0.320091,0.353,0.326318,0.267161,0.307,0.284085,z1d.2xlarge,0.744
0.142466,0.153,0.145717,0.124772,0.146,0.127429,0.112291,0.131,0.114971,0.078615,,0.083661,c3.xlarge,0.21
1.363242,1.461,1.391548,1.185388,1.27,1.209795,0.954262,1.052,0.973872,0.758029,0.871,0.806196,r5.8xlarge,2.016
0.284932,0.305,0.29032,0.247717,0.292,0.252858,0.222945,0.263,0.22798,0.15723,,0.167283,c3.2xlarge,0.42
0.404338,0.433,0.412279,0.35274,0.418,0.359703,0.317466,0.376,0.324225,0.233257,,0.248353,r3.2xlarge,0.665
0.360616,0.3864,0.368018,0.312785,0.336,0.319589,0.238927,0.2633,0.243818,0.200038,0.229,0.212393,r4.2xlarge,0.532
1.091324,1.1693,1.113649,0.948288,1.0161,0.96759,0.765145,0.8432,0.780773,0.606431,0.6967,0.645165,r6g.8xlarge,1.6128
5.274315,5.651,5.381982,4.586416,4.914,4.679954,3.831849,4.223,3.910023,3.196005,3.672,3.4,p2.8xlarge,7.2
0.131621,0.141,0.134123,0.1129,0.121,0.115648,0.088356,0.097,0.090091,0.072184,0.083,0.076394,m5.xlarge,0.192
1.081963,1.159,1.104055,0.946689,1.008,0.965991,0.739307,0.815,0.754207,0.621347,0.708,0.660518,c4.8xlarge,1.591
1.314726,1.409,1.341776,1.143037,1.225,1.166219,0.737671,0.813,0.75237,0.614346,0.706,0.653788,c5n.9xlarge,1.944
0.835502,0.895,0.852256,0.724429,0.776,0.739635,0.539688,0.595,0.550342,0.463242,0.532,0.492385,c5a.8xlarge,1.232
0.777626,0.833,0.793804,0.673973,0.804,0.687836,0.606583,0.724,0.619437,0.395358,,0.420578,d2.2xlarge,1.38
2.182763,2.3386,2.227184,1.896689,2.0321,1.935394,1.530289,1.6864,1.561546,1.212823,1.3935,1.290229,r6g.metal,3.2256
1.555251,1.666,1.587493,1.347945,1.608,1.375671,1.213166,1.447,1.237912,0.790715,,0.841157,d2.4xlarge,2.76
0.565297,0.606,0.576356,0.484475,0.519,0.494146,0.377093,0.416,0.38439,0.309817,0.356,0.329802,m5ad.4xlarge,0.824
0.114954,0.123,0.117676,0.1,0.107,0.102027,0.074467,0.082,0.076014,0.061986,0.071,0.065991,c5.xlarge,0.17
0.370091,0.3965,0.377613,0.319863,0.3427,0.326442,0.238356,0.2627,0.243213,0.204528,0.235,0.21759,c6g.4xlarge,0.544
0.742123,0.795,0.757653,0.639726,0.685,0.65237,0.441438,0.486,0.450228,0.368189,0.423,0.391852,m5dn.4xlarge,1.088
1.287329,1.379,1.313849,1.119406,1.199,1.142119,0.858219,0.946,0.875861,0.71583,0.822,0.761746,inf1.6xlarge,1.904
5.290639,5.668,5.398315,4.600457,4.929,4.694146,3.680403,4.056,3.755778,2.941819,3.38,3.129802,g4dn.metal,7.824
0.104452,0.112,0.106311,0.090525,0.097,0.092233,0.067466,0.074,0.068437,0.057915,0.067,0.061784,c5a.xlarge,0.154
0.617808,0.662,0.630183,0.531507,0.57,0.542233,0.412861,0.455,0.421654,0.339916,0.391,0.361784,m5d.4xlarge,0.904
2.726484,2.921,2.782096,2.370776,2.54,2.419589,1.908524,2.103,1.947744,1.51602,1.742,1.612393,r5.16xlarge,4.032
3.890411,4.168,3.969932,3.358676,3.599,3.427584,2.295091,2.529,2.341967,1.916819,2.202,2.039597,m5n.24xlarge,5.712
0.132991,0.1425,0.135708,0.115639,0.1239,0.118018,0.090145,0.0994,0.092005,0.07519,0.0864,0.079992,m4.xlarge,0.2
0.613014,0.657,0.625785,0.531507,0.57,0.542233,0.427892,0.472,0.436303,0.339916,0.391,0.361784,r5a.4xlarge,0.904
0.111986,0.12,0.114178,0.097374,0.1043,0.099358,0.074924,0.0826,0.076442,0.062557,0.0719,0.066595,t3.xlarge,0.1664
3.027283,3.244,3.089521,2.624886,2.812,2.678155,1.92051,2.116,1.959833,1.60293,1.842,1.705626,z1d.12xlarge,4.464
2.12774,2.2798,2.171216,1.850228,1.9824,1.88795,1.442542,1.5898,1.471997,1.203196,1.3824,1.279992,m4.16xlarge,3.2
2.044863,2.191,2.086265,1.778082,1.905,1.814192,1.431393,1.577,1.460289,1.137024,1.306,1.209795,r5.12xlarge,3.024
0.531963,0.5699,0.542747,0.462557,0.4956,0.471959,0.360654,0.3974,0.368018,0.300799,0.3456,0.320008,m4.4xlarge,0.8
0.180365,0.1932,0.184009,0.156393,0.168,0.159795,0.119444,0.1317,0.121859,0.1,0.1145,0.106196,r4.xlarge,0.266
,,,0.023516,0.028,0.024041,,,,0.015183,,0.016154,m1.small,0.044
0.06895,0.0739,0.07036,0.059932,0.0643,0.061194,0.045967,0.0507,0.046978,0.038356,0.0441,0.040796,a1.xlarge,0.102
1.513699,1.622,1.54426,1.312443,1.406,1.339635,0.960236,1.058,0.979916,0.801484,0.921,0.852294,z1d.6xlarge,2.232
0.780365,0.836,0.796174,0.677397,0.726,0.691548,0.538318,0.593,0.549658,0.433143,0.498,0.460403,r5d.4xlarge,1.152
1.480137,1.5859,1.510337,1.279452,1.3709,1.305654,0.953425,1.0507,0.972854,0.818189,0.94,0.870398,c6g.16xlarge,2.176
2.182763,2.3386,2.227184,1.896689,2.0321,1.935394,1.530289,1.6864,1.561546,1.212823,1.3935,1.290229,r6g.16xlarge,3.2256
2.452283,2.627,2.502142,2.126256,2.278,2.169817,1.711606,1.886,1.74625,1.359627,1.562,1.446212,r5a.16xlarge,3.616
0.08105,0.087,0.082324,0.069977,0.075,0.071731,0.047831,0.053,0.048391,0.039916,0.046,0.042233,m5n.large,0.119
1.484247,1.59,1.514192,1.279452,1.371,1.305854,0.882839,0.973,0.900419,0.736339,0.846,0.783667,m5dn.8xlarge,2.176
0.659247,0.706,0.672416,0.573288,0.614,0.584466,0.478995,0.528,0.488368,0.399505,0.459,0.424481,p2.xlarge,0.9
0.569863,0.611,0.581753,0.496575,0.584,0.506717,0.446918,0.526,0.45596,0.314498,,0.334604,c3.4xlarge,0.84
0.721233,0.7728,0.736037,0.625685,0.672,0.638178,0.477854,0.5266,0.487598,0.400076,0.4579,0.425785,r4.4xlarge,1.064
0.153311,0.164,0.156196,0.132877,0.142,0.135808,0.106963,0.118,0.109566,0.08497,0.098,0.090205,r5a.xlarge,0.226
0.648402,0.695,0.661822,0.559817,0.6,0.571616,0.382496,0.422,0.390167,0.319482,0.367,0.339939,m5n.4xlarge,0.952
0.341438,0.366,0.348201,0.296918,0.318,0.302484,0.235921,0.26,0.240358,0.196766,0.226,0.20968,h1.2xlarge,0.468
3.391553,3.634,3.460365,2.907078,3.115,2.966219,2.262671,2.494,2.308414,1.858942,2.136,1.977813,m5ad.24xlarge,4.944
0.092466,0.0991,0.094346,0.080023,0.0857,0.081553,0.059589,0.0657,0.060803,0.051142,0.0588,0.054407,c6g.xlarge,0.136
1.693151,1.8141,1.727827,1.44258,1.5456,1.471959,1.160274,1.2787,1.183971,0.932268,1.0711,0.99179,m6g.metal,2.464
2.394863,2.566,2.443804,2.08242,2.231,2.124443,1.718645,1.894,1.753865,1.433486,1.647,1.524481,f1.4xlarge,3.3
2.506507,2.686,2.557767,2.173288,2.328,2.21779,1.619064,1.784,1.652065,1.389688,1.597,1.478193,c5a.24xlarge,3.696
0.332763,0.356,0.339749,0.287329,0.308,0.293575,0.205594,0.227,0.209909,0.171195,0.197,0.182058,i3en.xlarge,0.452
0.417694,0.448,0.426128,0.362215,0.388,0.369817,0.269863,0.297,0.275671,0.231621,0.266,0.246212,c5a.4xlarge,0.616
1.839155,1.971,1.876356,1.594635,1.709,1.627584,1.283714,1.415,1.309947,1.019711,1.172,1.08439,r5a.12xlarge,2.712
4.270434,4.575,4.357767,3.697374,3.961,3.772416,2.939384,3.239,2.999696,2.364269,2.716,2.51561,r5ad.24xlarge,6.288
3.707078,3.972,3.782324,3.189269,3.417,3.254169,2.477131,2.73,2.527851,2.039422,2.343,2.169817,m5d.metal,5.424
0.456621,0.489,0.465991,0.397032,0.474,0.405242,0.357344,0.427,0.36491,0.281963,,0.299992,g2.2xlarge,0.65
0.270434,0.29,0.276014,0.237215,0.252,0.242005,0.184817,0.204,0.188292,0.155099,0.177,0.164496,c4.2xlarge,0.398
4.413014,4.728,4.503598,3.837443,4.112,3.915877,2.23809,2.466,2.283895,1.866743,2.145,1.98596,x1e.8xlarge,6.672
0.1129,0.121,0.115648,0.098174,0.105,0.100114,0.070852,0.078,0.072149,0.05917,0.068,0.062469,r5dn.large,0.167
0.526598,0.564,0.537721,0.451598,0.484,0.460365,0.353425,0.389,0.360327,0.288775,0.332,0.307615,m5.4xlarge,0.768
2.71016,2.904,2.765763,2.356735,2.525,2.404397,1.700761,1.874,1.735732,1.420358,1.632,1.511518,r5dn.12xlarge,4.008
0.80605,0.864,0.822187,0.700913,0.751,0.715648,0.504642,0.556,0.514458,0.420167,0.483,0.447516,r5n.4xlarge,1.192
2.731164,2.926,2.786493,2.374886,2.545,2.423644,1.887253,2.08,1.9259,1.574125,1.809,1.674291,h1.16xlarge,3.744
0.252283,0.27,0.257767,0.218721,0.234,0.223644,0.160046,0.176,0.163659,0.133562,0.153,0.142043,z1d.xlarge,0.372
0.903425,0.968,0.921959,0.785616,0.842,0.801799,0.566933,0.625,0.578231,0.47344,0.544,0.503826,r5dn.4xlarge,1.336
1.559817,1.671,1.591776,1.354795,1.452,1.38221,1.009589,1.113,1.030107,0.842085,0.967,0.895907,c5d.12xlarge,2.304
1.560731,1.672,1.592233,1.354795,1.452,1.38221,1.076636,1.186,1.098315,0.866286,0.995,0.921807,r5d.8xlarge,2.304
0.223973,0.2399,0.228569,0.194749,0.2086,0.198615,0.149886,0.1652,0.152984,0.125114,0.1438,0.133153,t3.2xlarge,0.3328
1.670205,1.7895,1.704369,1.452397,1.5561,1.481982,1.212595,1.3363,1.237383,1.011377,1.162,1.075976,g3.8xlarge,2.28
1.235731,1.324,1.260479,1.063128,1.139,1.084352,0.825723,0.91,0.842271,0.679795,0.781,0.723606,m5d.8xlarge,1.808
3.678539,3.941,3.753826,3.179909,3.427,3.244374,2.524505,2.782,2.576014,2.111606,2.419,2.246212,i3.metal,4.992
2.106507,2.257,2.149772,1.806393,1.935,1.843575,1.413699,1.558,1.442271,1.155061,1.327,1.228384,m5.16xlarge,3.072
0.265982,0.285,0.271431,0.231279,0.2478,0.236037,0.180327,0.1987,0.184009,0.150419,0.1728,0.159985,m4.2xlarge,0.4
0.208904,0.224,0.213621,0.18105,0.194,0.184352,0.134932,0.149,0.137836,0.115791,0.133,0.123606,c5a.2xlarge,0.308
3.027283,3.244,3.089521,2.624886,2.812,2.678155,1.92051,2.116,1.959833,1.60293,1.842,1.705626,z1d.metal,4.464
2.64532,2.834,2.699658,2.300228,2.465,2.34763,1.840221,2.028,1.877889,1.470928,1.69,1.564382,g4dn.12xlarge,3.912
0.088927,0.095,0.090434,0.077055,0.083,0.078269,0.061225,0.067,0.06224,0.049239,0.057,0.052218,r5ad.large,0.131
0.681621,0.73,0.695717,0.592694,0.635,0.604397,0.477131,0.526,0.486417,0.378995,0.435,0.403598,r5.4xlarge,1.008
1.480137,1.5859,1.510337,1.279452,1.3709,1.305654,0.953425,1.0507,0.972854,0.818189,0.94,0.870398,c6g.metal,2.176
0.390183,0.418,0.398087,0.338699,0.363,0.345831,0.26914,0.297,0.274329,0.216591,0.249,0.230183,r5d.2xlarge,0.576
0.08516,0.091,0.086493,0.074087,0.079,0.075785,0.059627,0.066,0.060441,0.047374,0.054,0.05019,r5.large,0.126
0.114954,0.123,0.117676,0.099315,0.107,0.101685,0.078881,0.087,0.080259,0.065982,0.076,0.070084,i3.large,0.156
0.126142,0.135,0.128384,0.109361,0.117,0.111822,0.080023,0.088,0.08183,0.066781,0.077,0.07154,z1d.large,0.186
0.423288,0.4535,0.431982,0.360616,0.3864,0.368018,0.290068,0.3197,0.295983,0.233067,0.2678,0.247973,m6g.4xlarge,0.616
3.678539,3.941,3.753826,3.179909,3.427,3.244374,2.524505,2.782,2.576014,2.111606,2.419,2.246212,i3.16xlarge,4.992
1.695776,1.817,1.730183,1.453539,1.557,1.483553,1.131317,1.247,1.154207,0.92949,1.068,0.988406,m5ad.12xlarge,2.472
0.166324,0.178,0.169932,0.143607,0.154,0.146288,0.102778,0.113,0.104435,0.085578,0.098,0.09151,i3en.large,0.226
2.629452,2.817,2.683553,2.286187,2.449,2.332438,1.475342,1.626,1.505702,1.228729,1.412,1.307577,c5n.metal,3.888
1.635502,1.752,1.668475,1.422945,1.696,1.45205,1.28067,1.526,1.306945,0.845091,,0.899047,i2.4xlarge,3.41
0.371005,0.398,0.378269,0.319863,0.343,0.326242,0.2207,0.243,0.225595,0.184094,0.212,0.195907,m5dn.2xlarge,0.544
1.169863,1.253,1.193918,1.016096,1.089,1.036379,0.757192,0.834,0.772339,0.631545,0.726,0.671921,c5d.9xlarge,1.728
0.170434,0.183,0.173986,0.148174,0.159,0.151571,0.119292,0.131,0.121845,0.094749,0.109,0.100419,r5.xlarge,0.252
0.459817,0.493,0.469589,0.397489,0.428,0.405854,0.315563,0.348,0.321997,0.263965,0.302,0.280411,i3.2xlarge,0.624
0.355708,0.381,0.362507,0.309247,0.331,0.315763,0.247412,0.273,0.252256,0.197793,0.227,0.210213,g4dn.xlarge,0.526
1.253196,1.343,1.278384,1.086644,1.164,1.108452,0.809551,0.892,0.826014,0.694863,0.798,0.739597,c5a.12xlarge,1.848
0.097489,0.105,0.099772,0.084703,0.091,0.086151,0.067275,0.074,0.068323,0.054148,0.062,0.057805,r5d.large,0.144
0.83516,0.8948,0.852127,0.726142,0.7781,0.741048,0.606317,0.6682,0.618623,0.50567,0.581,0.537988,g3.4xlarge,1.14
5.420434,5.808,5.531525,4.713356,5.05,4.809795,3.401522,3.749,3.470464,2.840715,3.264,3.022035,r5dn.24xlarge,8.016
2.341096,2.508,2.388406,2.032078,2.177,2.073758,1.614916,1.78,1.647935,1.299467,1.493,1.38221,r5d.12xlarge,3.456
0.451712,0.484,0.460479,0.392808,0.421,0.400457,0.283447,0.312,0.289635,0.23672,0.272,0.251913,r5dn.2xlarge,0.668
1.826598,1.957,1.863963,1.588128,1.896,1.620968,1.4293,1.706,1.458679,1.127854,,1.19997,g2.8xlarge,2.6
0.919635,0.985,0.938178,0.794977,0.857,0.811594,0.631126,0.696,0.643994,0.527892,0.605,0.561784,i3.4xlarge,1.248
0.814155,0.872,0.830411,0.707991,0.759,0.722187,0.566362,0.624,0.577965,0.452702,0.52,0.481791,g4dn.4xlarge,1.204
1.379452,1.478,1.407767,1.199543,1.285,1.223986,0.893645,0.985,0.911936,0.744026,0.855,0.791776,c5.12xlarge,2.04
0.584361,0.626,0.596174,0.507991,0.544,0.518247,0.327854,0.361,0.334275,0.273059,0.314,0.290244,c5n.4xlarge,0.864
0.012671,0.0136,0.013007,0.010959,0.0118,0.011194,0.008486,0.0094,0.008638,0.007078,0.0081,0.007567,t3a.small,0.0188
0.80879,0.867,0.825671,0.705708,0.836,0.720406,0.635122,0.752,0.648451,0.466553,,0.496744,r3.4xlarge,1.33
,,,0.09532,0.112,0.097279,,,,0.058752,,0.062539,m1.large,0.175
,,,0.371575,0.444,0.37921,,,,0.222184,,0.236399,m2.4xlarge,0.98
0.394863,0.423,0.402484,0.343379,0.368,0.350114,0.263204,0.29,0.268285,0.219559,0.252,0.233781,inf1.2xlarge,0.584
1.617466,1.733,1.650228,1.411416,1.672,1.440699,1.270282,1.505,1.296825,0.933067,,0.992489,r3.8xlarge,2.66
8.972374,9.613,9.15574,7.796918,8.354,7.955968,6.513394,7.178,6.646174,3.941476,4.529,4.193537,p3.8xlarge,12.24
,,,0.093037,0.111,0.094995,,,,0.055784,,0.059359,m2.xlarge,0.245
,,,0.076598,0.091,0.078233,,,,0.048858,,0.052011,c1.medium,0.13
0.846575,0.9071,0.863863,0.721233,0.7728,0.736037,0.580137,0.6393,0.592005,0.466134,0.5356,0.495845,m6g.8xlarge,1.232
0.202511,0.217,0.206611,0.176027,0.1886,0.17964,0.135883,0.1498,0.13863,0.11309,0.1299,0.12036,t3a.2xlarge,0.3008
,,,0.308562,0.364,0.314932,,,,0.195548,,0.208043,c1.xlarge,0.52
0.052169,0.056,0.053598,0.04532,0.049,0.046059,0.033714,0.037,0.034199,0.028957,0.033,0.030411,c5a.large,0.077
0.023174,0.0248,0.023558,0.019977,0.0214,0.02036,0.014916,0.0164,0.01521,0.012785,0.0147,0.013611,c6g.medium,0.034
3.121347,3.344,3.18558,2.709475,2.903,2.76442,2.153234,2.373,2.197592,1.73261,1.991,1.843613,r5d.16xlarge,4.608
1.053196,1.128,1.074329,0.903196,0.968,0.921845,0.706849,0.779,0.721654,0.577549,0.664,0.614192,m5.8xlarge,1.536
,,,0.186301,0.222,0.190105,,,,0.111568,,0.118718,m2.2xlarge,0.49
0.711758,0.763,0.726128,0.61621,0.66,0.628384,0.489916,0.54,0.499962,0.394064,0.453,0.419589,r5ad.4xlarge,1.048
0.003196,0.0034,0.003198,0.00274,0.0029,0.00277,0.002131,0.0023,0.002165,0.00175,0.002,0.001851,t3a.nano,0.0047
1.671005,1.79,1.705511,1.448858,1.552,1.478155,1.079376,1.19,1.101723,0.926446,1.064,0.985808,c5a.16xlarge,2.464
2.13516,2.288,2.178384,1.84863,1.981,1.886151,1.469711,1.62,1.499848,1.182154,1.358,1.257805,r5ad.12xlarge,3.144
0.05879,0.063,0.060023,0.050571,0.054,0.051799,0.03946,0.043,0.040129,0.032344,0.037,0.034199,m5a.large,0.086
1.839269,1.971,1.876356,1.589954,1.714,1.622187,1.262253,1.391,1.287988,1.055822,1.21,1.123606,i3.8xlarge,2.496
1.11016,1.1894,1.132838,0.959589,1.0282,0.979212,0.715068,0.788,0.72964,0.613623,0.705,0.652808,c6g.12xlarge,1.632
1.296804,1.389,1.323644,1.119521,1.2,1.142233,0.76503,0.843,0.780335,0.638927,0.734,0.679878,m5n.8xlarge,1.904
2.819635,3.021,2.877584,2.427283,2.601,2.476356,1.893265,2.086,1.931944,1.552131,1.783,1.651609,m5a.24xlarge,4.128
0.003539,0.0037,0.003626,0.003082,0.0033,0.003198,0.002359,0.0026,0.00238,0.001941,0.0022,0.002027,t3.nano,0.0052
0.508447,0.545,0.518475,0.442123,0.474,0.451571,0.353729,0.39,0.360479,0.282763,0.325,0.300419,g4dn.2xlarge,0.752
0.545662,0.5847,0.556825,0.474201,0.508,0.483795,0.382572,0.4216,0.390405,0.303196,0.3484,0.322563,r6g.4xlarge,0.8064
0.540982,0.58,0.552027,0.473288,0.504,0.483553,0.369673,0.407,0.377584,0.310198,0.354,0.329992,c4.4xlarge,0.796
0.006963,0.0075,0.007139,0.00605,0.0065,0.006182,0.00468,0.0052,0.004797,0.003919,0.0045,0.004193,t3.micro,0.0104
0.014041,0.015,0.014292,0.012215,0.013,0.012364,0.009361,0.0103,0.009595,0.007839,0.009,0.008348,t3.small,0.0208
9.579338,10.2636,9.774843,8.330023,8.925,8.5,6.874581,7.5761,7.01482,5.734018,6.588,6.1,f1.16xlarge,13.2
0.055936,0.06,0.057139,0.04863,0.0522,0.049686,0.037481,0.0413,0.038202,0.031279,0.0359,0.033229,t3.large,0.0832
0.006279,0.0068,0.006396,0.005479,0.0059,0.005654,0.004262,0.0047,0.004369,0.003539,0.0041,0.003765,t3a.micro,0.0094
0.740068,0.7929,0.755226,0.639726,0.6854,0.65277,0.476712,0.5254,0.486427,0.409094,0.47,0.435218,c6g.8xlarge,1.088
0.591667,0.634,0.603826,0.514498,0.551,0.525557,0.456469,0.503,0.465915,0.380708,0.437,0.405511,g3s.xlarge,0.75
0.068265,0.0731,0.069617,0.059247,0.0635,0.060451,0.047831,0.0527,0.048791,0.0379,0.0435,0.040367,r6g.large,0.1008
0.275913,0.2956,0.281553,0.239954,0.257,0.244774,0.183942,0.2027,0.187636,0.153425,0.1763,0.163183,a1.4xlarge,0.408
1.197374,1.283,1.221859,1.04121,1.116,1.062279,0.859323,0.947,0.876832,0.716743,0.8235,0.76224,f1.2xlarge,1.65
0.017237,0.0185,0.01759,0.014954,0.0161,0.015348,0.011492,0.0127,0.01176,0.009589,0.011,0.010199,a1.medium,0.0255
0.030822,0.0331,0.031453,0.026826,0.0287,0.027399,0.020928,0.0231,0.021354,0.017428,0.02,0.018585,t2.medium,0.0464
0.034475,0.0369,0.03518,0.030023,0.0321,0.030597,0.022983,0.0253,0.02342,0.019178,0.022,0.020398,a1.large,0.051
0.136416,0.1462,0.139235,0.118493,0.127,0.121002,0.095624,0.1054,0.097582,0.075799,0.0871,0.080635,r6g.xlarge,0.2016
0.101256,0.1085,0.103412,0.088014,0.0943,0.089763,0.06796,0.0749,0.069365,0.056545,0.065,0.060199,t3a.xlarge,0.1504
0.046233,0.0496,0.04723,0.039954,0.0428,0.040834,0.029795,0.0328,0.030383,0.025571,0.0294,0.027184,c6g.large,0.068
,,,0.011758,0.014,0.012078,,,,0.008257,,0.008805,t1.micro,0.02
0.105822,0.1134,0.107995,0.090183,0.0966,0.092005,0.072527,0.0799,0.073986,0.058257,0.0669,0.061974,m6g.xlarge,0.154
1.269863,1.3606,1.295845,1.081963,1.1592,1.103941,0.870205,0.959,0.887988,0.699201,0.8033,0.743818,m6g.12xlarge,1.848
0.052968,0.0567,0.053941,0.045091,0.0483,0.045945,0.036263,0.04,0.036993,0.029148,0.0335,0.030987,m6g.large,0.077
0.003881,0.0041,0.003941,0.003311,0.0036,0.003412,0.002626,0.0029,0.002632,0.002169,0.0025,0.002342,t2.nano,0.0058
0.050685,0.0542,0.051599,0.04395,0.0471,0.044889,0.03398,0.0374,0.034652,0.028272,0.0325,0.03003,t3a.large,0.0752
